C1
99.15
100.00
99.10
0.00
0.00
0.85
0.90
140


C2
98.54
99.30
98.56
-0.32
-0.38
0.93
0.92
93


C1
98.05
98.70
97.96
-0.31
-0.29
0.80
0.89
127


C2
97.34
98.14
97.40
-0.22
-0.33
0.93
0.89
113


C1
96.71
97.53
96.74
-0.34
-0.27
0.98
0.94
177


C2
96.12
96.88
96.27
-0.34
-0.31
0.93
0.77
121


C1
95.62
96.33
95.48
-0.37
-0.18
0.86
0.97
93


C2
94.96
95.71
95.00
-0.23
-0.40
0.89
0.88
109


C1
94.39
95.13
94.45
-0.31
-0.27
0.89
0.82
111


C2
93.96
94.56
93.92
-0.32
-0.25
0.75
0.77
87


C1
93.38
94.06
93.26
-0.23
-0.27
0.80
0.93
138


C2
92.82
93.47
92.81
-0.22
-0.37
0.79
0.82
88


C1
92.31
92.95
92.22
-0.26
-0.27
0.77
0.86
113


C2
91.57
92.40
91.65
-0.22
-0.33
0.96
0.89
83


C1
90.94
91.77
91.10
-0.37
-0.26
0.99
0.82
149


C2
90.51
91.17
90.45
-0.39
-0.21
0.83
0.85
123


C1
89.77
90.62
89.98
-0.25
-0.31
0.98
0.78
111


C2
89.23
90.02
89.40
-0.42
-0.17
0.96
0.75
97


C1
88.63
89.46
88.68
-0.38
-0.18
0.99
0.90
157


C2
88.02
88.82
88.08
-0.36
-0.29
0.96
0.89
143


C1
87.40
88.20
87.59
-0.34
-0.27
0.96
0.76
119


C2
86.91
87.64
87.00
-0.40
-0.17
0.89
0.76
153


C1
86.37
87.09
86.26
-0.33
-0.22
0.87
0.96
132


C2
85.77
86.47
85.76
-0.25
-0.38
0.84
0.88
123


C1
85.24
85.91
85.29
-0.27
-0.29
0.81
0.76
155


C2
84.68
85.39
84.68
-0.29
-0.23
0.84
0.83
107


C1
84.01
84.83
84.12
-0.28
-0.28
0.96
0.85
89


C2
83.60
84.21
83.47
-0.37
-0.24
0.78
0.89
147


C1
82.86
83.67
82.85
-0.19
-0.35
0.93
0.97
104


C2
82.26
83.02
82.23
-0.32
-0.33
0.92
0.95
146


C1
81.75
82.40
81.77
-0.29
-0.33
0.80
0.79
65


C2
81.20
81.89
81.18
-0.27
-0.25
0.82
0.83
144


C1
80.52
81.33
80.51
-0.27
-0.29
0.95
0.96
94


C2
79.91
80.68
79.94
-0.32
-0.33
0.93
0.90
93


C1
79.29
80.08
79.35
-0.32
-0.28
0.94
0.87
91


C2
78.74
79.47
78.64
-0.34
-0.26
0.89
0.98
90


C1
78.19
78.85
78.10
-0.25
-0.38
0.80
0.91
130


C2
77.60
78.29
77.68
-0.23
-0.33
0.82
0.76
135


C1
77.02
77.77
76.97
-0.31
-0.21
0.88
0.92
136


C2
76.42
77.15
76.40
-0.27
-0.34
0.88
0.91
67


C1
75.86
76.56
75.81
-0.29
-0.31
0.84
0.90
164


C2
75.28
75.98
75.23
-0.25
-0.32
0.84
0.90
118


C1
74.73
75.40
74.59
-0.26
-0.32
0.81
0.96
140


C2
74.09
74.81
74.14
-0.21
-0.38
0.85
0.83
103


C1
73.53
74.25
73.54
-0.31
-0.25
0.87
0.85
70


C2
72.84
73.68
72.89
-0.29
-0.28
0.98
0.93
113


C1
72.34
73.03
72.39
-0.35
-0.30
0.86
0.80
139


C2
71.72
72.49
71.87
-0.30
-0.24
0.91
0.75
113


C1
71.13
71.94
71.10
-0.37
-0.19
0.96
0.96
72


C2
70.58
71.28
70.63
-0.31
-0.35
0.86
0.82
105


C1
69.98
70.74
69.90
-0.30
-0.24
0.90
0.97
99


C2
69.38
70.10
69.35
-0.27
-0.37
0.87
0.92
86


C1
68.71
69.51
68.91
-0.27
-0.31
0.95
0.75
122


C2
68.15
68.95
68.08
-0.41
-0.16
0.96
0.99
94


C1
67.47
68.28
67.49
-0.29
-0.38
0.97
0.97
98


C2
66.92
67.64
66.83
-0.33
-0.31
0.88
0.97
90


C1
66.36
67.03
66.40
-0.25
-0.36
0.81
0.79
89


C2
65.66
66.51
65.89
-0.28
-0.24
0.98
0.75
95


C1
65.22
65.92
65.09
-0.43
-0.16
0.87
0.96
94


C2
64.48
65.31
64.66
-0.23
-0.39
0.97
0.81
64


C1
63.93
64.72
63.90
-0.41
-0.18
0.95
0.95
126


C2
63.26
64.08
63.48
-0.30
-0.34
0.97
0.76
147


C1
62.78
63.51
62.78
-0.41
-0.15
0.90
0.85
129


C2
62.29
62.93
62.26
-0.30
-0.29
0.78
0.81
129


C1
61.55
62.41
61.73
-0.24
-0.28
0.98
0.81
125


C2
61.02
61.79
61.00
-0.41
-0.20
0.95
0.93
120


C1
60.38
61.17
60.35
-0.31
-0.32
0.94
0.97
85


C2
59.83
60.53
59.85
-0.30
-0.34
0.85
0.84
99


C1
59.36
59.98
59.27
-0.28
-0.26
0.76
0.84
175


C2
58.79
59.45
58.74
-0.22
-0.32
0.78
0.85
119


C1
58.10
58.90
58.09
-0.24
-0.30
0.93
0.95
100


C2
57.61
58.26
57.64
-0.32
-0.33
0.81
0.78
101


C1
57.12
57.75
56.91
-0.27
-0.23
0.76
0.97
120


C2
56.52
57.16
56.45
-0.17
-0.43
0.77
0.88
117


C1
55.78
56.62
55.80
-0.23
-0.31
0.97
0.96
72


C2
55.19
55.96
55.15
-0.35
-0.32
0.93
0.97
90


C1
54.53
55.33
54.74
-0.29
-0.34
0.95
0.75
129


C2
53.95
54.77
54.08
-0.40
-0.15
0.98
0.81
107


C1
53.43
54.17
53.32
-0.38
-0.23
0.90
0.99
148


C2
52.91
53.53
52.73
-0.25
-0.39
0.77
0.97
97


C1
52.34
52.97
52.36
-0.18
-0.39
0.75
0.77
143


C2
51.61
52.47
51.63
-0.26
-0.24
0.99
0.96
124


C1
51.00
51.79
51.16
-0.36
-0.32
0.96
0.80
95


C2
50.42
51.22
50.60
-0.38
-0.19
0.96
0.75
145


C1
49.99
50.65
49.93
-0.39
-0.18
0.82
0.85
131


C2
49.43
50.10
49.35
-0.24
-0.32
0.80
0.89
116


C1
48.83
49.53
48.74
-0.24
-0.33
0.84
0.94
54


C2
48.26
48.93
48.34
-0.25
-0.35
0.81
0.75
151


C1
47.62
48.43
47.62
-0.30
-0.21
0.94
0.93
86


C2
47.00
47.78
47.15
-0.32
-0.33
0.94
0.79
92


C1
46.60
47.22
46.58
-0.37
-0.19
0.78
0.77
135


C2
45.85
46.71
46.07
-0.24
-0.27
0.99
0.77
130


C1
45.51
46.11
45.26
-0.44
-0.17
0.77
0.98
101


C2
44.88
45.53
44.85
-0.14
-0.44
0.77
0.85
115


C1
44.32
45.00
44.18
-0.25
-0.28
0.81
0.95
115


C2
43.69
44.40
43.79
-0.22
-0.38
0.85
0.77
118


C1
43.11
43.87
43.19
-0.33
-0.20
0.90
0.80
161


C2
42.47
43.30
42.50
-0.33
-0.24
0.98
0.93
118


C1
41.99
42.65
42.06
-0.35
-0.30
0.82
0.75
95


C2
41.52
42.15
41.44
-0.29
-0.21
0.76
0.83
88


C1
40.95
41.61
40.90
-0.22
-0.32
0.79
0.86
123


C2
40.42
41.06
40.22
-0.24
-0.31
0.77
0.98
109


C1
39.68
40.47
39.77
-0.18
-0.41
0.92
0.87
115


C2
39.25
39.87
39.17
-0.35
-0.25
0.78
0.84
146


C1
38.65
39.35
38.68
-0.22
-0.31
0.82
0.81
79


C2
38.12
38.80
38.15
-0.29
-0.26
0.82
0.78
51


C1
37.56
38.27
37.65
-0.29
-0.24
0.84
0.75
143


C2
36.97
37.74
37.09
-0.31
-0.22
0.91
0.77
102


C1
36.39
37.17
36.35
-0.36
-0.21
0.94
0.95
92


C2
35.78
36.53
35.76
-0.30
-0.34
0.91
0.93
160


C1
35.28
35.92
35.15
-0.30
-0.31
0.79
0.93
116


C2
34.59
35.36
34.73
-0.20
-0.37
0.89
0.78
53


C1
33.98
34.80
33.98
-0.36
-0.19
0.97
0.95
126


C2
33.41
34.14
33.42
-0.32
-0.33
0.90
0.89
155


C1
32.89
33.56
32.87
-0.30
-0.29
0.82
0.83
145


C2
32.29
33.02
32.39
-0.26
-0.28
0.86
0.76
139


C1
31.72
32.48
31.85
-0.33
-0.21
0.90
0.75
127


C2
31.29
31.92
31.18
-0.35
-0.20
0.79
0.87
127


C1
30.69
31.37
30.77
-0.21
-0.34
0.81
0.75
107


C2
30.15
30.86
30.11
-0.31
-0.21
0.84
0.87
96


C1
29.47
30.28
29.54
-0.26
-0.32
0.95
0.89
159


C2
28.85
29.66
28.87
-0.35
-0.27
0.97
0.93
105


C1
28.26
29.02
28.41
-0.33
-0.30
0.92
0.77
125


C2
27.79
28.47
27.63
-0.36
-0.19
0.83
0.96
161


C1
27.18
27.87
27.05
-0.21
-0.40
0.82
0.98
114


C2
26.49
27.27
26.62
-0.22
-0.38
0.91
0.81
138


C1
25.95
26.70
26.00
-0.36
-0.21
0.90
0.83
137


C2
25.52
26.12
25.39
-0.32
-0.26
0.75
0.87
88


C1
24.92
25.59
24.80
-0.19
-0.34
0.79
0.93
86


C2
24.25
25.01
24.22
-0.22
-0.36
0.89
0.94
159


C1
23.59
24.39
23.62
-0.29
-0.32
0.95
0.93
120


C2
23.11
23.76
23.15
-0.33
-0.30
0.81
0.77
158


C1
22.41
23.26
22.62
-0.27
-0.23
0.98
0.76
131


C2
21.84
22.66
21.97
-0.43
-0.17
0.99
0.82
129


C1
21.46
22.06
21.41
-0.38
-0.23
0.76
0.78
104


C2
20.71
21.56
20.85
-0.22
-0.27
0.97
0.84
144


C1
20.20
20.94
20.13
-0.40
-0.23
0.91
0.95
131


C2
19.51
20.32
19.53
-0.27
-0.35
0.95
0.95
84


C1
18.93
19.68
18.85
-0.33
-0.31
0.91
0.99
99


C2
18.34
19.05
18.29
-0.27
-0.37
0.86
0.92
92


C1
17.64
18.46
17.70
-0.27
-0.32
0.96
0.91
126


C2
17.07
17.83
17.08
-0.35
-0.28
0.93
0.90
118


C1
16.48
17.23
16.43
-0.31
-0.29
0.90
0.95
90


C2
15.85
16.61
15.92
-0.28
-0.34
0.91
0.85
142


C1
15.20
16.03
15.38
-0.33
-0.25
0.98
0.78
131


C2
14.62
15.44
14.68
-0.41
-0.18
0.98
0.89
92


C1
14.17
14.81
14.06
-0.35
-0.28
0.80
0.90
135


C2
13.50
14.25
13.59
-0.21
-0.34
0.88
0.81
127


C1
12.88
13.69
13.05
-0.34
-0.23
0.96
0.77
130


C2
12.32
13.11
12.34
-0.39
-0.19
0.95
0.90
87


C1
11.67
12.49
11.86
-0.32
-0.30
0.97
0.78
131


C2
11.16
11.91
11.07
-0.40
-0.18
0.91
0.97
118


C1
10.61
11.27
10.57
-0.26
-0.38
0.81
0.87
120


C2
10.09
10.73
10.11
-0.25
-0.30
0.77
0.76
138


C1
9.41
10.23
9.41
-0.26
-0.24
0.94
0.94
98


C2
8.97
9.57
8.79
-0.32
-0.33
0.77
0.95
85


C1
8.18
9.02
8.41
-0.17
-0.39
0.96
0.76
135


C2
7.69
8.44
7.58
-0.43
-0.15
0.92
0.98
101


C1
6.98
7.80
7.17
-0.26
-0.39
0.97
0.80
61


C2
6.63
7.22
6.44
-0.40
-0.17
0.75
0.90
104


C1
5.86
6.67
5.84
-0.16
-0.39
0.93
0.99
142


C2
5.37
6.01
5.33
-0.32
-0.34
0.81
0.85
118


C1
4.83
5.48
4.69
-0.24
-0.29
0.78
0.93
133


C2
4.19
4.90
4.18
-0.20
-0.37
0.84
0.88
82


C1
3.51
4.33
3.57
-0.28
-0.29
0.96
0.91
96


C2
3.09
3.70
2.93
-0.35
-0.29
0.77
0.92
76


C1
2.36
3.15
2.46
-0.18
-0.37
0.91
0.84
122


C2
1.87
2.56
1.90
-0.36
-0.23
0.85
0.80
58


C1
1.18
2.02
1.20
-0.29
-0.25
0.97
0.95
109


C2
0.55
1.36
0.61
-0.34
-0.32
0.97
0.91
169


C1
0.07
0.74
0.03
-0.34
-0.28
0.83
0.86
99


C2
-0.67
0.18
-0.50
-0.25
-0.30
0.99
0.83
155