C1
99.13
100.00
97.36
0.00
0.00
0.87
2.64
104


C2
97.92
98.60
96.60
0.36
-1.76
0.85
2.52
136


C1
96.85
97.53
95.53
0.26
-1.32
0.81
2.40
113


C2
95.76
96.46
94.13
0.26
-1.33
0.83
2.73
82


C1
94.42
95.25
93.31
0.38
-1.59
0.97
2.40
135


C2
93.47
94.14
91.86
0.11
-1.21
0.84
2.67
86


C1
92.31
92.96
90.54
0.37
-1.56
0.78
2.88
62


C2
91.05
91.73
89.85
0.45
-1.68
0.81
2.37
150


C1
90.02
90.71
88.11
0.21
-1.24
0.82
2.97
125


C2
88.61
89.39
87.09
0.49
-1.80
0.92
2.82
117


C1
87.48
88.16
86.13
0.29
-1.53
0.84
2.49
115


C2
86.22
87.08
84.93
0.27
-1.35
0.99
2.55
103


C1
85.14
85.88
83.70
0.17
-1.37
0.91
2.61
133


C2
84.04
84.71
82.44
0.28
-1.45
0.82
2.70
81


C1
82.78
83.53
81.23
0.37
-1.54
0.89
2.76
95


C2
81.56
82.31
80.19
0.32
-1.54
0.90
2.58
89


C1
80.38
81.16
78.65
0.25
-1.40
0.93
2.94
113


C2
79.15
79.84
78.07
0.38
-1.70
0.85
2.28
146


C1
78.18
78.86
76.54
0.16
-1.14
0.81
2.67
97


C2
76.85
77.66
75.57
0.39
-1.58
0.95
2.55
100


C1
75.82
76.50
74.64
0.18
-1.34
0.84
2.28
122


C2
74.64
75.48
73.25
0.20
-1.22
0.98
2.61
144


C1
73.65
74.25
72.39
0.22
-1.45
0.77
2.31
112


C2
72.43
73.27
70.91
0.26
-1.25
0.96
2.73
133


C1
71.16
71.99
69.52
0.27
-1.55
0.99
2.94
95


C2
70.04
70.67
68.46
0.33
-1.65
0.80
2.70
141


C1
68.79
69.53
67.19
0.37
-1.51
0.87
2.79
79


C2
67.46
68.30
66.22
0.35
-1.58
0.99
2.55
98


C1
66.34
67.13
64.78
0.16
-1.33
0.96
2.76
107


C2
65.04
65.87
63.79
0.30
-1.56
0.99
2.55
83


C1
63.89
64.71
62.76
0.17
-1.33
0.99
2.37
133


C2
62.96
63.60
61.47
0.12
-1.23
0.80
2.52
113


C1
61.65
62.49
60.67
0.34
-1.45
0.97
2.25
108


C2
60.82
61.43
59.33
0.06
-1.12
0.77
2.46
121


C1
59.51
60.35
57.80
0.36
-1.44
0.96
2.97
118


C2
58.41
58.99
56.56
0.35
-1.70
0.75
2.94
97


C1
57.12
57.79
55.36
0.51
-1.71
0.78
2.91
123


C2
55.80
56.55
54.76
0.44
-1.67
0.88
2.28
103


C1
54.75
55.53
52.98
0.12
-1.14
0.93
2.91
60


C2
53.59
54.20
51.92
0.40
-1.73
0.77
2.79
86


C1
52.37
53.04
51.07
0.42
-1.58
0.80
2.43
72


C2
51.27
51.98
49.95
0.25
-1.31
0.85
2.43
93


C1
50.17
50.88
48.47
0.24
-1.34
0.86
2.82
74


C2
48.92
49.63
47.50
0.39
-1.64
0.85
2.61
84


C1
47.88
48.50
46.13
0.29
-1.42
0.76
2.79
88


C2
46.67
47.30
45.53
0.45
-1.64
0.76
2.25
100


C1
45.59
46.34
43.84
0.20
-1.17
0.88
2.85
103


C2
44.34
45.04
43.23
0.40
-1.69
0.85
2.31
90


C1
43.38
44.04
41.94
0.16
-1.17
0.80
2.46
105


C2
42.27
42.93
40.50
0.31
-1.41
0.79
2.85
129


C1
41.00
41.70
39.21
0.45
-1.68
0.83
2.97
88


C2
39.64
40.42
38.46
0.43
-1.71
0.92
2.46
152


C1
38.53
39.33
37.02
0.16
-1.26
0.95
2.70
119


C2
37.47
38.09
35.67
0.29
-1.53
0.78
2.88
147


C1
36.17
36.87
34.68
0.47
-1.69
0.82
2.67
170


C2
35.02
35.72
33.34
0.32
-1.47
0.84
2.82
140


C1
33.73
34.48
32.68
0.39
-1.63
0.89
2.28
98


C2
32.66
33.46
30.85
0.12
-1.14
0.95
2.97
155


C1
31.46
32.10
30.19
0.40
-1.77
0.80
2.43
128


C2
30.43
31.08
29.03
0.25
-1.27
0.78
2.43
131


C1
29.33
30.00
27.95
0.30
-1.38
0.80
2.46
108


C2
28.23
28.91
26.41
0.28
-1.37
0.82
2.91
89


C1
26.97
27.64
25.44
0.45
-1.73
0.80
2.70
103


C2
25.72
26.49
24.68
0.35
-1.49
0.91
2.25
139


C1
24.73
25.46
22.88
0.10
-1.14
0.88
2.94
145


C2
23.33
24.14
22.16
0.45
-1.77
0.95
2.49
103


C1
22.40
23.02
20.45
0.15
-1.26
0.79
2.97
159


C2
21.10
21.74
19.92
0.53
-1.81
0.77
2.34
120


C1
19.93
20.76
18.48
0.21
-1.20
0.95
2.64
122


C2
18.81
19.52
17.18
0.25
-1.49
0.87
2.79
91


C1
17.47
18.30
16.10
0.37
-1.59
0.97
2.67
78


C2
16.47
17.09
15.28
0.22
-1.43
0.78
2.25
87


C1
15.35
16.12
13.99
0.23
-1.20
0.89
2.49
79


C2
14.27
14.96
12.93
0.24
-1.40
0.84
2.46
124


C1
13.04
13.87
11.49
0.26
-1.35
0.97
2.79
110


C2
11.87
12.59
10.57
0.29
-1.57
0.88
2.49
75


C1
10.89
11.49
9.50
0.23
-1.33
0.75
2.40
136


C2
9.73
10.45
7.88
0.31
-1.35
0.84
2.97
101


C1
8.47
9.14
6.86
0.45
-1.77
0.81
2.79
82


C2
7.29
7.96
5.90
0.38
-1.55
0.80
2.52
141


C1
6.18
6.87
4.58
0.29
-1.39
0.82
2.70
148


C2
5.00
5.68
3.74
0.37
-1.55
0.82
2.40
56


C1
4.01
4.63
2.71
0.23
-1.28
0.75
2.31
149


C2
2.96
3.61
1.21
0.28
-1.29
0.78
2.79
174


C1
1.60
2.39
0.56
0.44
-1.66
0.92
2.31
150


C2
0.69
1.34
-0.93
0.10
-1.15
0.81
2.64
99