C2
98.09
98.72
96.78
0.18
-1.46
0.81
2.40
190


C1
96.83
97.69
95.68
0.28
-1.30
0.99
2.40
135


C2
95.78
96.54
94.57
0.11
-1.26
0.93
2.37
142


C1
94.68
95.45
93.45
0.18
-1.27
0.92
2.40
130


C2
93.56
94.34
92.01
0.19
-1.30
0.94
2.73
130


C1
92.41
93.10
90.68
0.30
-1.55
0.84
2.88
125


C2
91.07
91.86
89.52
0.42
-1.66
0.92
2.82
148


C1
89.84
90.61
88.47
0.31
-1.56
0.93
2.61
124


C2
88.72
89.44
87.08
0.24
-1.40
0.88
2.79
135


C1
87.43
88.21
86.37
0.36
-1.60
0.92
2.31
105


C2
86.51
87.16
84.89
0.12
-1.16
0.81
2.64
119


C1
85.35
85.99
84.08
0.38
-1.56
0.77
2.37
82


C2
84.27
84.97
82.53
0.26
-1.28
0.83
2.82
138


C1
83.05
83.71
81.26
0.41
-1.67
0.80
2.94
111


C2
81.82
82.47
80.29
0.45
-1.70
0.78
2.67
158


C1
80.72
81.34
79.25
0.35
-1.48
0.75
2.52
158


C2
79.47
80.26
78.27
0.34
-1.42
0.91
2.40
180


C1
78.35
79.15
77.24
0.16
-1.27
0.96
2.31
170


C2
77.32
78.06
76.01
0.12
-1.21
0.90
2.43
178


C1
76.34
76.95
74.96
0.23
-1.34
0.76
2.40
156


C2
75.21
75.91
74.05
0.31
-1.35
0.82
2.25
150


C1
74.27
74.89
72.59
0.18
-1.20
0.76
2.67
125


C2
72.87
73.72
71.75
0.42
-1.59
0.97
2.43
133


C1
71.93
72.59
70.68
0.11
-1.24
0.83
2.31
124


C2
70.73
71.56
69.66
0.24
-1.27
0.96
2.28
105


C1
69.72
70.47
68.27
0.10
-1.19
0.92
2.58
113


C2
68.66
69.29
66.79
0.28
-1.46
0.78
2.94
153


C1
67.27
68.04
66.08
0.50
-1.75
0.89
2.46
89


C2
66.24
66.95
64.58
0.17
-1.26
0.86
2.76
108


C1
64.92
65.72
63.94
0.38
-1.61
0.94
2.25
123


C2
63.87
64.69
62.70
0.07
-1.10
0.98
2.34
176


C1
62.97
63.57
61.29
0.14
-1.26
0.76
2.67
168


C2
61.66
62.42
60.29
0.43
-1.58
0.88
2.58
98


C1
60.66
61.26
59.35
0.24
-1.40
0.76
2.34
163


C2
59.39
60.26
58.15
0.28
-1.29
0.99
2.49
162


C1
58.34
59.06
57.03
0.15
-1.34
0.90
2.46
112


C2
57.12
57.96
55.46
0.23
-1.34
0.98
2.91
124


C1
56.04
56.62
54.72
0.33
-1.67
0.75
2.40
184


C2
54.86
55.63
53.64
0.29
-1.29
0.89
2.37
87


C1
53.76
54.53
52.04
0.18
-1.28
0.92
2.88
138


C2
52.58
53.23
51.14
0.38
-1.68
0.80
2.58
157


C1
51.42
52.13
49.58
0.32
-1.41
0.84
2.97
122


C2
49.99
50.83
48.43
0.45
-1.76
0.98
2.91
168


C1
48.88
49.53
47.25
0.29
-1.58
0.82
2.76
134


C2
47.74
48.36
46.51
0.39
-1.56
0.75
2.31
99


C1
46.60
47.37
45.43
0.25
-1.24
0.90
2.31
124


C2
45.52
46.29
44.06
0.15
-1.24
0.92
2.61
90


C1
44.34
45.09
42.96
0.28
-1.47
0.90
2.58
170


C2
43.17
43.94
42.08
0.26
-1.41
0.92
2.28
112


C1
42.07
42.89
40.32
0.12
-1.17
0.97
2.94
105


C2
40.89
41.53
39.50
0.38
-1.73
0.81
2.55
142


C1
39.79
40.46
38.44
0.30
-1.37
0.80
2.43
132


C2
38.64
39.38
36.85
0.27
-1.35
0.88
2.94
132


C1
37.44
38.07
35.97
0.42
-1.73
0.78
2.61
191


C2
36.13
36.98
34.85
0.34
-1.43
0.97
2.55
144


C1
35.02
35.79
33.42
0.18
-1.37
0.94
2.79
111


C2
33.78
34.53
32.16
0.33
-1.58
0.91
2.85
167


C1
32.66
33.28
30.91
0.35
-1.60
0.77
2.85
127


C2
31.32
32.08
30.22
0.45
-1.65
0.89
2.34
116


C1
30.23
31.03
28.61
0.13
-1.19
0.95
2.79
100


C2
29.11
29.75
27.98
0.33
-1.61
0.80
2.25
134


C1
28.04
28.78
26.68
0.19
-1.16
0.87
2.46
140


C2
26.88
27.64
25.21
0.25
-1.39
0.91
2.85
189


C1
25.55
26.37
24.09
0.36
-1.64
0.97
2.76
145


C2
24.52
25.13
23.07
0.26
-1.49
0.77
2.52
100


C1
23.19
24.06
21.95
0.34
-1.41
0.99
2.52
141


C2
22.24
22.87
20.68
0.15
-1.34
0.81
2.61
188


C1
20.97
21.74
19.90
0.37
-1.50
0.90
2.28
124


C2
20.07
20.70
18.42
0.12
-1.16
0.78
2.64
153


C1
18.81
19.54
17.29
0.41
-1.57
0.85
2.70
171


C2
17.59
18.35
15.86
0.32
-1.51
0.90
2.94
114


C1
16.45
17.05
15.30
0.39
-1.69
0.75
2.25
100


C2
15.28
16.11
13.97
0.22
-1.16
0.95
2.49
132


C1
14.10
14.92
12.98
0.19
-1.38
0.99
2.37
87


C2
13.00
13.82
11.50
0.12
-1.22
0.98
2.70
116


C1
11.90
12.56
10.36
0.27
-1.52
0.83
2.67
93


C2
10.62
11.42
9.40
0.35
-1.50
0.93
2.46
79


C1
9.62
10.29
8.02
0.17
-1.30
0.83
2.67
128


C2
8.28
9.11
7.23
0.37
-1.54
0.97
2.34
76


C1
7.25
8.03
5.88
0.09
-1.18
0.94
2.52
142


C2
6.25
6.86
4.44
0.24
-1.40
0.76
2.85
161


C1
4.90
5.65
3.58
0.48
-1.70
0.87
2.55
130


C2
3.91
4.52
2.54
0.23
-1.35
0.76
2.40
143


C1
2.67
3.48
1.09
0.31
-1.35
0.94
2.79
93


C2
1.59
2.20
-0.23
0.30
-1.59
0.77
2.91
109


C1
0.24
0.98
-1.23
0.49
-1.70
0.87
2.70
170


C2
-0.81
-0.20
-2.37
0.29
-1.47
0.76
2.61
132


C1
-2.05
-1.31
-3.31
0.38
-1.49
0.86
2.43
111


C2
-3.19
-2.41
-4.95
0.21
-1.30
0.93
2.94
104


C1
-4.42
-3.73
-6.05
0.39
-1.72
0.84
2.82
158


C2
-5.59
-4.93
-7.14
0.38
-1.58
0.79
2.67
136


C1
-6.76
-6.08
-8.43
0.36
-1.50
0.81
2.79
146


C2
-8.01
-7.29
-9.64
0.40
-1.61
0.86
2.82
131


C1
-9.25
-8.52
-10.81
0.36
-1.59
0.88
2.76
102


C2
-10.56
-9.73
-11.64
0.33
-1.54
0.98
2.37
79


C1
-11.62
-10.83
-13.29
0.10
-1.20
0.96
2.85
77


C2
-12.89
-12.13
-13.98
0.35
-1.66
0.92
2.34
130


C1
-13.86
-13.17
-15.62
0.13
-1.17
0.84
2.82
201


C2
-15.28
-14.43
-16.25
0.43
-1.69
0.99
2.31
110


C1
-16.13
-15.50
-17.53
0.05
-1.11
0.80
2.40
143


C2
-17.39
-16.56
-18.41
0.31
-1.38
0.95
2.25
81


C1
-18.37
-17.63
-19.78
0.08
-1.14
0.90
2.52
106


C2
-19.50
-18.79
-20.67
0.27
-1.43
0.86
2.31
136


C1
-20.43
-19.82
-21.82
0.18
-1.22
0.75
2.37
166


C2
-21.60
-20.86
-22.95
0.31
-1.35
0.86
2.49
165


C1
-22.77
-22.00
-24.43
0.25
-1.38
0.92
2.85
150


C2
-23.95
-23.28
-25.73
0.35
-1.64
0.83
2.94
138


C1
-25.22
-24.53
-26.86
0.44
-1.69
0.83
2.82
116


C2
-26.37
-25.74
-27.76
0.38
-1.59
0.77
2.49
110


C1
-27.58
-26.80
-28.77
0.30
-1.37
0.91
2.37
155


C2
-28.55
-27.90
-29.79
0.16
-1.26
0.81
2.28
121


C1
-29.56
-28.92
-31.36
0.23
-1.25
0.77
2.82
76


C2
-30.87
-30.15
-32.51
0.47
-1.70
0.85
2.85
91


C1
-32.22
-31.38
-33.61
0.37
-1.60
0.98
2.70
108


C2
-33.22
-32.61
-34.65
0.22
-1.45
0.78
2.49
161


C1
-34.36
-33.67
-36.23
0.33
-1.39
0.81
2.97
175


C2
-35.82
-34.97
-37.37
0.47
-1.77
0.99
2.91
113


C1
-36.96
-36.27
-38.46
0.28
-1.58
0.86
2.67
84


C2
-38.10
-37.42
-39.59
0.32
-1.48
0.82
2.61
149


C1
-39.30
-38.56
-40.86
0.32
-1.46
0.87
2.73
170


C2
-40.52
-39.78
-41.75
0.33
-1.54
0.89
2.43
143


C1
-41.57
-40.86
-43.02
0.19
-1.28
0.86
2.55
92


C2
-42.63
-42.01
-44.25
0.29
-1.44
0.76
2.67
97


C1
-44.00
-43.15
-45.64
0.40
-1.54
0.97
2.94
167


C2
-45.10
-44.49
-46.57
0.32
-1.66
0.78
2.58
159


C1
-46.22
-45.56
-47.70
0.34
-1.42
0.78
2.55
85


C2
-47.33
-46.68
-48.74
0.33
-1.44
0.78
2.49
155


C1
-48.39
-47.76
-49.60
0.31
-1.39
0.76
2.25
82


C2
-49.56
-48.75
-50.75
0.23
-1.22
0.93
2.37
107


C1
-50.46
-49.87
-52.23
0.16
-1.28
0.75
2.76
150


C2
-51.70
-51.05
-53.04
0.47
-1.65
0.76
2.46
96


C1
-52.96
-52.11
-54.50
0.28
-1.33
0.98
2.79
158


C2
-54.10
-53.40
-55.80
0.28
-1.57
0.87
2.88
138


C1
-55.48
-54.64
-57.07
0.40
-1.64
0.98
2.91
172


C2
-56.74
-55.95
-58.26
0.30
-1.61
0.96
2.79
132


C1
-57.94
-57.19
-59.28
0.29
-1.53
0.91
2.55
116


C2
-59.14
-58.33
-60.70
0.23
-1.37
0.96
2.79
149


C1
-60.33
-59.60
-61.46
0.30
-1.57
0.89
2.34
102


C2
-61.35
-60.64
-63.05
0.16
-1.20
0.86
2.79
96


C1
-62.70
-61.89
-63.84
0.40
-1.65
0.95
2.43
131


C2
-63.73
-62.99
-65.24
0.13
-1.23
0.90
2.64
129


C1
-64.99
-64.19
-66.53
0.31
-1.51
0.95
2.79
141


C2
-66.12
-65.44
-67.73
0.29
-1.55
0.84
2.76
165


C1
-67.31
-66.63
-69.05
0.37
-1.56
0.81
2.88
155


C2
-68.55
-67.87
-69.94
0.43
-1.67
0.82
2.55
133


C1
-69.76
-68.97
-70.81
0.28
-1.38
0.93
2.25
162


C2
-70.68
-70.02
-72.20
0.10
-1.15
0.82
2.55
156


C1
-72.01
-71.16
-73.45
0.34
-1.48
0.98
2.73
125


C2
-73.12
-72.42
-74.66
0.24
-1.50
0.87
2.70
208


C1
-74.21
-73.59
-75.72
0.34
-1.51
0.76
2.58
106


C2
-75.35
-74.69
-76.94
0.36
-1.46
0.78
2.67
170


C1
-76.63
-75.85
-78.37
0.37
-1.53
0.91
2.97
109


C2
-77.95
-77.17
-78.95
0.39
-1.71
0.93
2.28
118


C1
-78.90
-78.19
-80.39
0.09
-1.11
0.86
2.55
151


C2
-80.08
-79.35
-81.79
0.31
-1.47
0.87
2.88
131


C1
-81.37
-80.62
-82.92
0.39
-1.66
0.89
2.79
189


C2
-82.47
-81.84
-83.84
0.33
-1.54
0.78
2.46
162


C1
-83.61
-82.89
-85.22
0.29
-1.35
0.84
2.73
160


C2
-84.90
-84.11
-86.43
0.36
-1.58
0.93
2.79
83


C1
-86.01
-85.35
-87.26
0.30
-1.54
0.81
2.37
143


C2
-87.03
-86.38
-88.52
0.24
-1.26
0.78
2.52
159


C1
-88.31
-87.49
-89.97
0.34
-1.45
0.95
2.91
90


C2
-89.40
-88.81
-91.23
0.34
-1.66
0.75
2.91
160


C1
-90.79
-90.01
-92.35
0.50
-1.70
0.89
2.82
133


C2
-91.96
-91.26
-93.61
0.32
-1.56
0.86
2.82
145


C1
-93.15
-92.48
-94.38
0.38
-1.60
0.81
2.37
150


C2
-94.16
-93.51
-95.95
0.22
-1.25
0.79
2.82
181


C1
-95.51
-94.75
-96.75
0.45
-1.69
0.89
2.49
96


C2
-96.53
-95.85
-97.73
0.19
-1.30
0.83
2.28
172


C1
-97.50
-96.87
-99.17
0.21
-1.23
0.76
2.67
121


C2
-98.75
-98.04
-100.40
0.42
-1.59
0.83
2.82
115


C1
-99.91
-99.27
-101.41
0.38
-1.61
0.78
2.61
152


C2
-101.19
-100.38
-102.23
0.34
-1.45
0.94
2.28
94


C1
-102.09
-101.44
-104.04
0.09
-1.16
0.81
2.97
125


C2
-103.54
-102.74
-104.74
0.52
-1.82
0.93
2.52
110


C1
-104.68
-103.86
-105.95
0.16
-1.28
0.98
2.49
122


C2
-105.71
-105.03
-107.25
0.18
-1.34
0.85
2.64
133


C1
-106.92
-106.19
-108.00
0.34
-1.50
0.87
2.25
128


C2
-108.02
-107.21
-109.42
0.14
-1.15
0.96
2.58
105


C1
-109.24
-108.42
-110.56
0.24
-1.45
0.98
2.58
130


C2
-110.19
-109.60
-111.84
0.20
-1.38
0.75
2.67
148


C1
-111.59
-110.73
-112.65
0.43
-1.56
0.98
2.37
157


C2
-112.42
-111.85
-114.37
0.08
-1.19
0.75
2.91
90


C1
-113.80
-113.09
-114.92
0.55
-1.79
0.83
2.34
92


C2
-114.84
-114.11
-116.32
0.16
-1.18
0.88
2.58
111


C1
-116.06
-115.29
-117.21
0.30
-1.48
0.92
2.37
181


C2
-117.15
-116.37
-118.32
0.15
-1.23
0.94
2.34
124


C1
-118.18
-117.46
-119.44
0.15
-1.25
0.87
2.37
118


C2
-119.30
-118.54
-120.84
0.22
-1.30
0.90
2.70
100


C1
-120.38
-119.76
-121.85
0.32
-1.54
0.77
2.55
113


C2
-121.71
-120.85
-123.13
0.34
-1.42
0.99
2.70
131


C1
-122.72
-122.11
-124.53
0.22
-1.48
0.79
2.88
143


C2
-123.97
-123.32
-125.24
0.48
-1.69
0.77
2.40
100


C1
-125.08
-124.35
-126.39
0.25
-1.27
0.86
2.43
167


C2
-126.13
-125.46
-127.84
0.23
-1.35
0.82
2.79
156


C1
-127.48
-126.68
-129.14
0.41
-1.63
0.93
2.94
111


C2
-128.64
-127.98
-129.77
0.35
-1.65
0.82
2.28
141


C1
-129.75
-128.96
-130.89
0.19
-1.17
0.92
2.28
97


C2
-130.65
-130.05
-132.21
0.14
-1.22
0.76
2.55
149


C1
-132.00
-131.15
-133.18
0.38
-1.49
0.97
2.46
110


C2
-133.09
-132.31
-134.72
0.13
-1.28
0.95
2.82
97


C1
-134.38
-133.58
-135.80
0.34
-1.62
0.95
2.70
136


C2
-135.50
-134.79
-137.16
0.25
-1.46
0.87
2.82
74


C1
-136.86
-136.02
-138.43
0.38
-1.62
0.98
2.88
120


C2
-138.11
-137.32
-139.12
0.29
-1.59
0.96
2.28
152


C1
-139.15
-138.36
-140.37
0.09
-1.12
0.95
2.37
130


C2
-140.15
-139.48
-141.68
0.17
-1.29
0.83
2.61
119


C1
-141.40
-140.63
-142.77
0.35
-1.50
0.91
2.58
87


C2
-142.39
-141.79
-144.31
0.23
-1.40
0.75
2.94
163


C1
-143.82
-143.04
-145.11
0.53
-1.77
0.90
2.58
110


C2
-144.88
-144.18
-146.68
0.21
-1.35
0.86
2.91
173


C1
-146.12
-145.46
-147.27
0.43
-1.71
0.80
2.31
118


C2
-147.22
-146.45
-148.61
0.20
-1.19
0.90
2.52
124


C1
-148.42
-147.62
-149.83
0.25
-1.42
0.96
2.64
157


C2
-149.61
-148.82
-150.75
0.24
-1.44
0.95
2.37
138


C1
-150.69
-149.91
-151.96
0.14
-1.23
0.94
2.43
130


C2
-151.71
-151.04
-153.18
0.19
-1.32
0.82
2.55
116


C1
-152.94
-152.16
-154.38
0.33
-1.45
0.91
2.64
119


C2
-154.18
-153.36
-155.50
0.26
-1.46
0.98
2.58
121


C1
-155.19
-154.54
-157.06
0.20
-1.38
0.81
2.94
171


C2
-156.54
-155.81
-158.00
0.49
-1.75
0.86
2.70
111


C1
-157.60
-156.98
-159.42
0.29
-1.47
0.77
2.88
212


C2
-158.85
-158.20
-160.60
0.48
-1.70
0.77
2.88
96


C1
-160.16
-159.42
-161.37
0.44
-1.66
0.87
2.43
82


C2
-161.10
-160.50
-162.45
0.19
-1.26
0.75
2.34
118


C1
-162.36
-161.52
-163.50
0.30
-1.32
0.96
2.37
125


C2
-163.47
-162.64
-165.22
0.12
-1.25
0.99
2.97
170


C1
-164.65
-164.00
-166.04
0.37
-1.73
0.81
2.55
155


C2
-165.84
-165.08
-167.58
0.30
-1.37
0.89
2.91
134


C1
-167.20
-166.38
-168.52
0.39
-1.70
0.97
2.64
139


C2
-168.36
-167.56
-169.81
0.20
-1.38
0.96
2.67
66


C1
-169.59
-168.78
-170.58
0.26
-1.48
0.97
2.25
129


C2
-170.64
-169.82
-171.92
0.07
-1.12
0.98
2.46
145


C1
-171.72
-170.99
-173.15
0.19
-1.35
0.89
2.58
130


C2
-172.98
-172.15
-173.96
0.28
-1.44
0.98
2.25
194