C1
99.06
100.00
99.18
0.00
0.00
0.94
0.82
126


C2
98.59
99.30
98.53
-0.42
-0.28
0.89
0.93
124


C1
97.88
98.71
97.94
-0.26
-0.33
0.97
0.92
134


C2
97.33
98.07
97.23
-0.36
-0.28
0.91
0.99
122


C1
96.70
97.44
96.73
-0.26
-0.37
0.89
0.88
84


C2
96.09
96.86
96.01
-0.31
-0.27
0.91
0.99
88


C1
95.53
96.21
95.57
-0.27
-0.37
0.84
0.81
115


C2
94.87
95.68
95.00
-0.29
-0.24
0.95
0.81
106


C1
94.43
95.08
94.39
-0.38
-0.22
0.82
0.83
89


C2
93.80
94.54
93.76
-0.25
-0.29
0.87
0.92
156


C1
93.29
93.94
93.11
-0.28
-0.33
0.79
0.98
139


C2
92.59
93.35
92.58
-0.18
-0.40
0.89
0.93
118


C1
91.95
92.74
92.10
-0.30
-0.31
0.94
0.79
94


C2
91.56
92.17
91.37
-0.38
-0.19
0.77
0.93
90


C1
90.92
91.60
90.79
-0.17
-0.40
0.80
0.97
108


C2
90.31
91.01
90.22
-0.22
-0.38
0.83
0.95
91


C1
89.77
90.41
89.59
-0.24
-0.35
0.78
0.98
97


C2
89.00
89.83
89.06
-0.18
-0.40
0.96
0.93
93


C1
88.50
89.19
88.40
-0.36
-0.28
0.86
0.94
82


C2
87.84
88.60
87.81
-0.24
-0.35
0.90
0.95
94


C1
87.14
87.98
87.29
-0.29
-0.33
0.99
0.84
85


C2
86.67
87.37
86.64
-0.40
-0.21
0.87
0.87
101


C1
86.15
86.79
86.02
-0.27
-0.31
0.78
0.92
141


C2
85.54
86.23
85.51
-0.20
-0.36
0.82
0.87
80


C1
85.04
85.67
84.93
-0.27
-0.30
0.76
0.88
138


C2
84.46
85.12
84.49
-0.20
-0.34
0.79
0.78
43


C1
83.99
84.60
83.96
-0.28
-0.24
0.75
0.77
155


C2
83.43
84.10
83.47
-0.24
-0.27
0.79
0.76
149


C1
82.85
83.58
82.87
-0.28
-0.24
0.86
0.84
104


C2
82.38
83.00
82.22
-0.30
-0.28
0.77
0.93
75


C1
81.75
82.44
81.72
-0.18
-0.38
0.81
0.88
119


C2
81.06
81.88
81.14
-0.26
-0.30
0.95
0.88
115


C1
80.54
81.26
80.53
-0.36
-0.26
0.88
0.87
113


C2
79.87
80.68
80.04
-0.28
-0.29
0.95
0.79
141


C1
79.31
80.10
79.28
-0.39
-0.19
0.95
0.95
66


C2
78.67
79.46
78.75
-0.30
-0.34
0.94
0.87
92


C1
78.06
78.86
78.25
-0.34
-0.25
0.96
0.75
153


C2
77.47
78.30
77.57
-0.40
-0.17
0.99
0.85
76


C1
76.99
77.67
76.90
-0.37
-0.25
0.85
0.92
94


C2
76.45
77.09
76.44
-0.24
-0.35
0.78
0.80
105


C1
75.91
76.57
75.88
-0.26
-0.26
0.79
0.82
163


C2
75.28
76.03
75.18
-0.25
-0.29
0.89
0.99
136


C1
74.67
75.39
74.67
-0.27
-0.38
0.87
0.89
130


C2
74.00
74.81
74.01
-0.29
-0.29
0.96
0.95
108


C1
73.45
74.17
73.42
-0.33
-0.32
0.88
0.91
92


C2
72.82
73.58
72.82
-0.27
-0.31
0.90
0.91
103


C1
72.35
72.97
72.37
-0.30
-0.31
0.77
0.75
90


C2
71.80
72.49
71.71
-0.26
-0.23
0.81
0.90
134


C1
71.18
71.90
71.14
-0.24
-0.35
0.86
0.91
108


C2
70.67
71.31
70.68
-0.28
-0.31
0.78
0.78
99


C1
70.15
70.80
69.94
-0.26
-0.25
0.78
0.99
147


C2
69.53
70.20
69.42
-0.18
-0.43
0.80
0.95
74


C1
68.85
69.62
68.92
-0.22
-0.35
0.90
0.85
150


C2
68.22
69.03
68.35
-0.34
-0.25
0.97
0.82
139


C1
67.83
68.43
67.73
-0.38
-0.22
0.77
0.84
78


C2
67.22
67.91
67.16
-0.20
-0.32
0.81
0.89
84


C1
66.64
67.33
66.54
-0.25
-0.32
0.83
0.94
87


C2
65.89
66.74
66.11
-0.24
-0.36
0.99
0.79
113


C1
65.47
66.15
65.34
-0.43
-0.16
0.85
0.93
128


C2
64.76
65.55
64.84
-0.22
-0.37
0.93
0.88
149


C1
64.22
64.95
64.23
-0.35
-0.26
0.89
0.86
144


C2
63.71
64.37
63.74
-0.30
-0.28
0.81
0.77
99


C1
63.22
63.85
63.10
-0.28
-0.24
0.77
0.88
115


C2
62.63
63.30
62.59
-0.21
-0.35
0.79
0.86
124


C1
62.05
62.75
62.13
-0.25
-0.30
0.83
0.76
122


C2
61.39
62.22
61.49
-0.31
-0.22
0.97
0.86
130


C1
60.98
61.60
60.86
-0.37
-0.26
0.78
0.88
115


C2
60.34
61.06
60.31
-0.20
-0.34
0.84
0.89
105


C1
59.63
60.47
59.83
-0.28
-0.31
0.99
0.79
87


C2
59.07
59.88
59.16
-0.42
-0.17
0.98
0.85
77


C1
58.47
59.26
58.59
-0.36
-0.25
0.96
0.82
118


C2
58.08
58.68
57.90
-0.37
-0.22
0.75
0.91
153


C1
57.35
58.13
57.48
-0.16
-0.38
0.90
0.80
94


C2
56.76
57.56
56.76
-0.37
-0.20
0.95
0.93
54


C1
56.11
56.92
56.28
-0.31
-0.32
0.97
0.80
136


C2
55.58
56.34
55.54
-0.39
-0.19
0.92
0.93
103


C1
54.99
55.72
54.96
-0.29
-0.34
0.88
0.92
98


C2
54.44
55.12
54.43
-0.28
-0.32
0.83
0.84
96


C1
53.95
54.57
53.77
-0.27
-0.28
0.76
0.94
103


C2
53.36
54.00
53.39
-0.18
-0.39
0.77
0.77
109


C1
52.72
53.50
52.70
-0.27
-0.23
0.91
0.92
74


C2
52.17
52.87
52.04
-0.31
-0.33
0.85
0.99
135


C1
51.51
52.26
51.66
-0.22
-0.39
0.89
0.76
130


C2
50.98
51.72
50.98
-0.36
-0.17
0.89
0.86
61


C1
50.46
51.13
50.41
-0.30
-0.30
0.82
0.87
129


C2
49.75
50.57
49.88
-0.25
-0.31
0.95
0.83
103


C1
49.17
49.97
50.11
-0.38
-0.22
0.96
0.00
80


C2
48.90
49.71
49.68
-0.69
0.43
0.97
0.00
131


C1
48.69
49.37
49.38
-0.64
0.30
0.84
0.00
103


C2
48.45
49.10
49.10
-0.54
0.28
0.79
0.00
113


C1
48.04
48.84
48.84
-0.52
0.26
0.93
0.00
126


C2
47.82
48.52
48.52
-0.64
0.32
0.86
0.00
131


C1
47.63
48.24
48.24
-0.56
0.28
0.75
0.00
155


C2
47.15
48.00
48.00
-0.49
0.24
0.97
0.00
146


C1
46.98
47.66
47.66
-0.68
0.34
0.85
0.00
112


C2
46.59
47.38
47.38
-0.54
0.27
0.93
0.00
109


C1
46.37
47.07
47.07
-0.64
0.32
0.86
0.00
87


C2
46.17
46.79
46.79
-0.56
0.28
0.76
0.00
82


C1
45.77
46.54
46.54
-0.50
0.25
0.89
0.00
89


C2
45.62
46.23
46.23
-0.61
0.31
0.77
0.00
133


C1
45.21
45.99
45.99
-0.49
0.25
0.90
0.00
164


C2
44.92
45.67
45.67
-0.62
0.31
0.91
0.00
148


C1
44.73
45.37
45.37
-0.60
0.30
0.79
0.00
125


C2
44.31
45.12
45.12
-0.51
0.26
0.94
0.00
160


C1
44.03
44.79
44.79
-0.65
0.32
0.92
0.00
144


C2
43.65
44.49
44.49
-0.61
0.30
0.99
0.00
96


C1
43.43
44.15
44.15
-0.67
0.34
0.89
0.00
113


C2
43.18
43.87
43.87
-0.58
0.29
0.83
0.00
86


C1
42.98
43.59
43.59
-0.55
0.27
0.75
0.00
131


C2
42.66
43.35
43.35
-0.49
0.25
0.81
0.00
83


C1
42.33
43.07
43.07
-0.55
0.27
0.88
0.00
131


C2
41.98
42.77
42.77
-0.59
0.30
0.94
0.00
155


C1
41.74
42.46
42.46
-0.63
0.32
0.88
0.00
151


C2
41.34
42.17
42.17
-0.58
0.29
0.97
0.00
87


C1
41.14
41.84
41.84
-0.66
0.33
0.86
0.00
117


C2
40.89
41.56
41.56
-0.56
0.28
0.81
0.00
87


C1
40.56
41.29
41.29
-0.54
0.27
0.87
0.00
127


C2
40.35
41.00
41.00
-0.59
0.29
0.79
0.00
164


C1
39.98
40.74
40.74
-0.51
0.26
0.89
0.00
85


C2
39.64
40.44
40.44
-0.61
0.30
0.95
0.00
136


C1
39.48
40.12
40.12
-0.64
0.32
0.80
0.00
102


C2
39.18
39.86
39.86
-0.51
0.26
0.81
0.00
91


C1
38.76
39.59
39.59
-0.55
0.27
0.96
0.00
96


C2
38.51
39.26
39.26
-0.66
0.33
0.91
0.00
136


C1
38.36
38.96
38.96
-0.60
0.30
0.75
0.00
109


C2
37.98
38.72
38.72
-0.48
0.24
0.86
0.00
136


C1
37.72
38.42
38.42
-0.59
0.30
0.85
0.00
101


C2
37.53
38.14
38.14
-0.56
0.28
0.75
0.00
64


C1
37.23
37.90
37.90
-0.49
0.24
0.79
0.00
121


C2
36.83
37.63
37.63
-0.53
0.27
0.94
0.00
113


C1
36.71
37.31
37.31
-0.65
0.32
0.76
0.00
135


C2
36.43
37.07
37.07
-0.48
0.24
0.76
0.00
177


C1
36.11
36.81
36.81
-0.51
0.26
0.83
0.00
149


C2
35.92
36.53
36.53
-0.56
0.28
0.75
0.00
101


C1
35.44
36.29
36.29
-0.49
0.24
0.97
0.00
92


C2
35.25
35.95
35.95
-0.68
0.34
0.87
0.00
107


C1
34.96
35.67
35.67
-0.56
0.28
0.85
0.00
70


C2
34.70
35.39
35.39
-0.57
0.28
0.83
0.00
119


C1
34.29
35.11
35.11
-0.55
0.28
0.96
0.00
91


C2
34.03
34.78
34.78
-0.66
0.33
0.92
0.00
80


C1
33.66
34.48
34.48
-0.60
0.30
0.97
0.00
150


C2
33.40
34.15
34.15
-0.66
0.33
0.92
0.00
119


C1
33.25
33.85
33.85
-0.60
0.30
0.75
0.00
162


C2
32.75
33.61
33.61
-0.48
0.24
0.98
0.00
159


C1
32.66
33.27
33.27
-0.69
0.34
0.78
0.00
69


C2
32.27
33.02
33.02
-0.49
0.24
0.87
0.00
125


C1
32.05
32.72
32.72
-0.60
0.30
0.82
0.00
88


C2
31.83
32.46
32.46
-0.54
0.27
0.76
0.00
157


C1
31.44
32.20
32.20
-0.50
0.25
0.89
0.00
90


C2
31.20
31.90
31.90
-0.61
0.31
0.85
0.00
67


C1
30.92
31.62
31.62
-0.56
0.28
0.84
0.00
123


C2
30.60
31.34
31.34
-0.56
0.28
0.88
0.00
123


C1
30.29
31.04
31.04
-0.59
0.30
0.90
0.00
155


C2
29.90
30.74
30.74
-0.60
0.30
0.99
0.00
101


C1
29.75
30.41
30.41
-0.67
0.34
0.83
0.00
72


C2
29.47
30.14
30.14
-0.53
0.26
0.80
0.00
98


C1
29.04
29.88
29.88
-0.53
0.27
0.97
0.00
156


C2
28.74
29.54
29.54
-0.67
0.33
0.97
0.00
138


C1
28.55
29.22
29.22
-0.64
0.32
0.83
0.00
70


C2
28.32
28.95
28.95
-0.54
0.27
0.77
0.00
144


C1
28.00
28.70
28.70
-0.51
0.25
0.82
0.00
85


C2
27.72
28.42
28.42
-0.55
0.28
0.84
0.00
98


C1
27.43
28.14
28.14
-0.56
0.28
0.85
0.00
83


C2
27.04
27.86
27.86
-0.57
0.28
0.96
0.00
109


C1
26.82
27.53
27.53
-0.65
0.33
0.87
0.00
131


C2
26.64
27.25
27.25
-0.57
0.28
0.75
0.00
87


C1
26.19
27.00
27.00
-0.49
0.24
0.93
0.00
77


C2
25.86
26.68
26.68
-0.65
0.32
0.98
0.00
53


C1
25.77
26.35
26.35
-0.65
0.33
0.75
0.00
103


C2
25.35
26.12
26.12
-0.47
0.23
0.88
0.00
58


C1
25.03
25.81
25.81
-0.61
0.31
0.94
0.00
119


C2
24.79
25.50
25.50
-0.63
0.31
0.87
0.00
139


C1
24.48
25.21
25.21
-0.57
0.29
0.88
0.00
100


C2
24.24
24.92
24.92
-0.59
0.30
0.83
0.00
90


C1
23.84
24.64
24.64
-0.55
0.27
0.94
0.00
81


C2
23.58
24.32
24.32
-0.64
0.32
0.90
0.00
97


C1
23.20
24.03
24.03
-0.59
0.30
0.98
0.00
134


C2
23.07
23.69
23.69
-0.67
0.33
0.79
0.00
64


C1
22.66
23.45
23.45
-0.50
0.25
0.91
0.00
134


C2
22.39
23.13
23.13
-0.63
0.31
0.90
0.00
104


C1
22.02
22.83
22.83
-0.59
0.30
0.96
0.00
134


C2
21.85
22.51
22.51
-0.65
0.32
0.82
0.00
81


C1
21.60
22.25
22.25
-0.53
0.26
0.78
0.00
113


C2
21.18
21.99
21.99
-0.52
0.26
0.94
0.00
103


C1
21.01
21.66
21.66
-0.65
0.32
0.81
0.00
128


C2
20.76
21.40
21.40
-0.52
0.26
0.77
0.00
128


C1
20.35
21.15
21.15
-0.51
0.26
0.93
0.00
144


C2
20.03
20.83
20.83
-0.64
0.32
0.96
0.00
134


C1
19.79
20.51
20.51
-0.64
0.32
0.88
0.00
52


C2
19.42
20.22
20.22
-0.58
0.29
0.94
0.00
134


C1
19.12
19.90
19.90
-0.64
0.32
0.94
0.00
121


C2
18.99
19.59
19.59
-0.62
0.31
0.75
0.00
122


C1
18.72
19.35
19.35
-0.48
0.24
0.75
0.00
114


C2
18.29
19.10
19.10
-0.50
0.25
0.93
0.00
118


C1
17.98
18.78
18.78
-0.64
0.32
0.96
0.00
88


C2
17.80
18.46
18.46
-0.64
0.32
0.82
0.00
134


C1
17.47
18.19
18.19
-0.53
0.26
0.85
0.00
95


C2
17.11
17.91
17.91
-0.57
0.29
0.94
0.00
86


C1
17.00
17.59
17.59
-0.64
0.32
0.75
0.00
122


C2
16.55
17.35
17.35
-0.47
0.24
0.92
0.00
100


C1
16.27
17.03
17.03
-0.64
0.32
0.92
0.00
102


C2
16.12
16.73
16.73
-0.61
0.30
0.76
0.00
65


C1
15.75
16.48
16.48
-0.49
0.24
0.85
0.00
157


C2
15.57
16.19
16.19
-0.58
0.29
0.77
0.00
139


C1
15.31
15.94
15.94
-0.50
0.25
0.76
0.00
71


C2
14.91
15.69
15.69
-0.51
0.25
0.90
0.00
92


C1
14.61
15.38
15.38
-0.62
0.31
0.92
0.00
74


C2
14.26
15.07
15.07
-0.61
0.31
0.97
0.00
114


C1
13.92
14.75
14.75
-0.65
0.33
0.99
0.00
130


C2
13.76
14.41
14.41
-0.66
0.33
0.82
0.00
102


C1
13.45
14.15
14.15
-0.52
0.26
0.83
0.00
118


C2
13.12
13.87
13.87
-0.56
0.28
0.89
0.00
122


C1
12.87
13.57
13.57
-0.60
0.30
0.85
0.00
80


C2
12.51
13.29
13.29
-0.56
0.28
0.92
0.00
112


C1
12.29
12.98
12.98
-0.62
0.31
0.85
0.00
100


C2
12.05
12.70
12.70
-0.56
0.28
0.79
0.00
104


C1
11.58
12.44
12.44
-0.52
0.26
0.99
0.00
80


C2
11.29
12.10
12.10
-0.69
0.34
0.98
0.00
139


C1
11.09
11.78
11.78
-0.65
0.32
0.85
0.00
158


C2
10.85
11.50
11.50
-0.55
0.28
0.79
0.00
114


C1
10.41
11.24
11.24
-0.52
0.26
0.96
0.00
83


C2
10.16
10.91
10.91
-0.66
0.33
0.91
0.00
103


C1
9.81
10.61
10.61
-0.60
0.30
0.95
0.00
81


C2
9.59
10.29
10.29
-0.64
0.32
0.86
0.00
113


C1
9.34
10.01
10.01
-0.56
0.28
0.81
0.00
155


C2
9.09
9.74
9.74
-0.54
0.27
0.79
0.00
88


C1
8.70
9.48
9.48
-0.52
0.26
0.91
0.00
80


C2
8.34
9.17
9.17
-0.62
0.31
0.98
0.00
126


C1
8.11
8.84
8.84
-0.66
0.33
0.89
0.00
142


C2
7.74
8.55
8.55
-0.58
0.29
0.95
0.00
102


C1
7.51
8.23
8.23
-0.64
0.32
0.88
0.00
53


C2
7.32
7.94
7.94
-0.58
0.29
0.76
0.00
127


C1
7.06
7.69
7.69
-0.49
0.25
0.76
0.00
106


C2
6.57
7.44
7.44
-0.51
0.25
0.99
0.00
127


C1
6.35
7.09
7.09
-0.69
0.35
0.92
0.00
135


C2
6.03
6.79
6.79
-0.60
0.30
0.91
0.00
140


C1
5.69
6.49
6.49
-0.61
0.30
0.95
0.00
102


C2
5.36
6.17
6.17
-0.64
0.32
0.97
0.00
119


C1
5.17
5.85
5.85
-0.65
0.32
0.84
0.00
151


C2
4.73
5.57
5.57
-0.54
0.27
0.98
0.00
124


C1
4.62
5.24
5.24
-0.68
0.34
0.79
0.00
118


C2
4.19
4.99
4.99
-0.50
0.25
0.92
0.00
164


C1
4.03
4.67
4.67
-0.64
0.32
0.80
0.00
152


C2
3.70
4.41
4.41
-0.51
0.26
0.84
0.00
89


C1
3.34
4.13
4.13
-0.57
0.28
0.93
0.00
117


C2
3.01
3.81
3.81
-0.63
0.32
0.96
0.00
125


C1
2.80
3.49
3.49
-0.64
0.32
0.85
0.00
103


C2
2.39
3.22
3.22
-0.55
0.28
0.97
0.00
81


C1
2.13
2.88
2.88
-0.67
0.33
0.92
0.00
154


C2
1.87
2.58
2.58
-0.60
0.30
0.86
0.00
100


C1
1.67
2.30
2.30
-0.57
0.28
0.77
0.00
139


C2
1.21
2.05
2.05
-0.50
0.25
0.96
0.00
156


C1
1.06
1.71
1.71
-0.67
0.33
0.82
0.00
66


C2
0.64
1.45
1.45
-0.52
0.26
0.94
0.00
93


C1
0.35
1.13
1.13
-0.65
0.32
0.94
0.00
130


C2
0.20
0.82
0.82
-0.62
0.31
0.77
0.00
79


C1
-0.10
0.57
0.57
-0.49
0.25
0.80
0.00
100


C2
-0.53
0.30
0.30
-0.54
0.27
0.97
0.00
114